% number of repeats:% 3
% enter first, last, inc:% 128 1500 128 
data_ref( 1, 1:2 ) = [ 128 3.073590e-04 ];
data_GemmJI_Kernel_MRxNR( 1, 1:3 ) = [ 128 4.280820e-04 2.842171e-14];
data_ref( 2, 1:2 ) = [ 256 1.938682e-03 ];
data_GemmJI_Kernel_MRxNR( 2, 1:3 ) = [ 256 4.818326e-03 5.684342e-14];
data_ref( 3, 1:2 ) = [ 384 5.121405e-03 ];
data_GemmJI_Kernel_MRxNR( 3, 1:3 ) = [ 384 1.272750e-02 2.273737e-13];
data_ref( 4, 1:2 ) = [ 512 8.209585e-03 ];
data_GemmJI_Kernel_MRxNR( 4, 1:3 ) = [ 512 2.621103e-02 3.694822e-13];
data_ref( 5, 1:2 ) = [ 640 1.438852e-02 ];
data_GemmJI_Kernel_MRxNR( 5, 1:3 ) = [ 640 4.815590e-02 6.252776e-13];
data_ref( 6, 1:2 ) = [ 768 2.453761e-02 ];
data_GemmJI_Kernel_MRxNR( 6, 1:3 ) = [ 768 8.169916e-02 7.389644e-13];
data_ref( 7, 1:2 ) = [ 896 3.967600e-02 ];
data_GemmJI_Kernel_MRxNR( 7, 1:3 ) = [ 896 1.288358e-01 8.526513e-13];
data_ref( 8, 1:2 ) = [ 1024 6.005501e-02 ];
data_GemmJI_Kernel_MRxNR( 8, 1:3 ) = [ 1024 1.874900e-01 1.136868e-12];
data_ref( 9, 1:2 ) = [ 1152 8.304188e-02 ];
data_GemmJI_Kernel_MRxNR( 9, 1:3 ) = [ 1152 2.687949e-01 1.477929e-12];
data_ref( 10, 1:2 ) = [ 1280 1.137983e-01 ];
data_GemmJI_Kernel_MRxNR( 10, 1:3 ) = [ 1280 3.688741e-01 1.875833e-12];
data_ref( 11, 1:2 ) = [ 1408 1.506137e-01 ];
data_GemmJI_Kernel_MRxNR( 11, 1:3 ) = [ 1408 4.848242e-01 1.932676e-12];
