your_version = 'Parallel Loop 2';
% number of repeats:% 3
% enter first, last, inc:% 120 1800 120 
data_ref( 1, 1:3 ) = [ 1800 3.075211e-01 3.792910e+01];
data_Gemm( 1, 1:4 ) = [ 1800 4.911325e-02 2.557954e-12 2.374919e+02];
data_ref( 2, 1:3 ) = [ 1680 2.474752e-01 3.832006e+01];
data_Gemm( 2, 1:4 ) = [ 1680 4.279071e-02 2.330580e-12 2.216197e+02];
data_ref( 3, 1:3 ) = [ 1560 1.986365e-01 3.822475e+01];
data_Gemm( 3, 1:4 ) = [ 1560 3.766363e-02 2.216893e-12 2.015958e+02];
data_ref( 4, 1:3 ) = [ 1440 1.563879e-01 3.818689e+01];
data_Gemm( 4, 1:4 ) = [ 1440 3.141929e-02 1.989520e-12 1.900733e+02];
data_ref( 5, 1:3 ) = [ 1320 1.211721e-01 3.796201e+01];
data_Gemm( 5, 1:4 ) = [ 1320 2.577676e-02 1.762146e-12 1.784528e+02];
data_ref( 6, 1:3 ) = [ 1200 1.415464e-01 2.441602e+01];
data_Gemm( 6, 1:4 ) = [ 1200 2.076242e-02 1.648459e-12 1.664546e+02];
data_ref( 7, 1:3 ) = [ 1080 6.660324e-02 3.782735e+01];
data_Gemm( 7, 1:4 ) = [ 1080 1.638749e-02 1.250555e-12 1.537407e+02];
data_ref( 8, 1:3 ) = [ 960 4.673923e-02 3.785839e+01];
data_Gemm( 8, 1:4 ) = [ 960 1.200851e-02 1.023182e-12 1.473515e+02];
data_ref( 9, 1:3 ) = [ 840 3.125435e-02 3.792778e+01];
data_Gemm( 9, 1:4 ) = [ 840 9.007151e-03 8.810730e-13 1.316074e+02];
data_ref( 10, 1:3 ) = [ 720 1.956765e-02 3.814950e+01];
data_Gemm( 10, 1:4 ) = [ 720 5.467810e-03 7.105427e-13 1.365256e+02];
data_ref( 11, 1:3 ) = [ 600 1.157368e-02 3.732609e+01];
data_Gemm( 11, 1:4 ) = [ 600 3.666519e-03 5.115908e-13 1.178229e+02];
data_ref( 12, 1:3 ) = [ 480 5.894108e-03 3.752629e+01];
data_Gemm( 12, 1:4 ) = [ 480 1.764908e-03 3.126388e-13 1.253232e+02];
data_ref( 13, 1:3 ) = [ 360 2.578381e-03 3.619015e+01];
data_Gemm( 13, 1:4 ) = [ 360 8.347670e-04 1.847411e-13 1.117821e+02];
data_ref( 14, 1:3 ) = [ 240 7.825470e-04 3.533079e+01];
data_Gemm( 14, 1:4 ) = [ 240 2.899410e-04 5.684342e-14 9.535733e+01];
data_ref( 15, 1:3 ) = [ 120 1.893040e-04 1.825635e+01];
data_Gemm( 15, 1:4 ) = [ 120 6.299900e-05 2.842171e-14 5.485801e+01];

 % Maximum difference between reference and your implementation: 2.557954e-12.
