your_version = 'Parallel Loop 3';
% number of repeats:% 3
% enter first, last, inc:% 120 1800 120 
data_ref( 1, 1:3 ) = [ 1800 3.067308e-01 3.802683e+01];
data_Gemm( 1, 1:4 ) = [ 1800 6.651475e-02 2.557954e-12 1.753596e+02];
data_ref( 2, 1:3 ) = [ 1680 2.483034e-01 3.819224e+01];
data_Gemm( 2, 1:4 ) = [ 1680 6.688342e-02 2.330580e-12 1.417880e+02];
data_ref( 3, 1:3 ) = [ 1560 1.980809e-01 3.833198e+01];
data_Gemm( 3, 1:4 ) = [ 1560 6.009101e-02 2.216893e-12 1.263555e+02];
data_ref( 4, 1:3 ) = [ 1440 1.562165e-01 3.822880e+01];
data_Gemm( 4, 1:4 ) = [ 1440 4.506593e-02 1.989520e-12 1.325163e+02];
data_ref( 5, 1:3 ) = [ 1320 1.209953e-01 3.801747e+01];
data_Gemm( 5, 1:4 ) = [ 1320 3.925961e-02 1.762146e-12 1.171671e+02];
data_ref( 6, 1:3 ) = [ 1200 9.115655e-02 3.791280e+01];
data_Gemm( 6, 1:4 ) = [ 1200 3.337768e-02 1.648459e-12 1.035422e+02];
data_ref( 7, 1:3 ) = [ 1080 6.650505e-02 3.788320e+01];
data_Gemm( 7, 1:4 ) = [ 1080 2.853846e-02 1.250555e-12 8.828171e+01];
data_ref( 8, 1:3 ) = [ 960 4.663432e-02 3.794356e+01];
data_Gemm( 8, 1:4 ) = [ 960 2.415404e-02 1.023182e-12 7.325782e+01];
data_ref( 9, 1:3 ) = [ 840 3.137030e-02 3.778759e+01];
data_Gemm( 9, 1:4 ) = [ 840 1.493503e-02 8.810730e-13 7.937097e+01];
data_ref( 10, 1:3 ) = [ 720 1.956872e-02 3.814741e+01];
data_Gemm( 10, 1:4 ) = [ 720 1.133966e-02 7.105427e-13 6.583057e+01];
data_ref( 11, 1:3 ) = [ 600 1.171795e-02 3.686653e+01];
data_Gemm( 11, 1:4 ) = [ 600 8.407295e-03 5.115908e-13 5.138395e+01];
data_ref( 12, 1:3 ) = [ 480 5.877913e-03 3.762968e+01];
data_Gemm( 12, 1:4 ) = [ 480 4.939067e-03 3.126388e-13 4.478255e+01];
data_ref( 13, 1:3 ) = [ 360 2.577424e-03 3.620359e+01];
data_Gemm( 13, 1:4 ) = [ 360 2.517953e-03 1.847411e-13 3.705867e+01];
data_ref( 14, 1:3 ) = [ 240 7.847600e-04 3.523115e+01];
data_Gemm( 14, 1:4 ) = [ 240 9.943680e-04 5.684342e-14 2.780460e+01];
data_ref( 15, 1:3 ) = [ 120 1.898380e-04 1.820500e+01];
data_Gemm( 15, 1:4 ) = [ 120 1.938490e-04 2.842171e-14 1.782831e+01];

 % Maximum difference between reference and your implementation: 2.557954e-12.
