your_version = 'GemmJI\_Kernel\_4x4';
% number of repeats:% 3
% enter first, last, inc:% 24 1200 24 
data_ref( 1, 1:3 ) = [ 1200 7.302249e-02 4.732788e+01];
data_Gemm( 1, 1:4 ) = [ 1200 5.298311e-01 1.477929e-12 6.522834e+00];
data_ref( 2, 1:3 ) = [ 1176 6.887475e-02 4.722717e+01];
data_Gemm( 2, 1:4 ) = [ 1176 4.827181e-01 1.477929e-12 6.738425e+00];
data_ref( 3, 1:3 ) = [ 1152 6.503774e-02 4.701344e+01];
data_Gemm( 3, 1:4 ) = [ 1152 4.492125e-01 1.534772e-12 6.806684e+00];
data_ref( 4, 1:3 ) = [ 1128 6.160578e-02 4.659462e+01];
data_Gemm( 4, 1:4 ) = [ 1128 4.088565e-01 1.307399e-12 7.020797e+00];
data_ref( 5, 1:3 ) = [ 1104 5.778943e-02 4.656813e+01];
data_Gemm( 5, 1:4 ) = [ 1104 4.157929e-01 1.421085e-12 6.472322e+00];
data_ref( 6, 1:3 ) = [ 1080 5.539445e-02 4.548152e+01];
data_Gemm( 6, 1:4 ) = [ 1080 3.923955e-01 1.136868e-12 6.420624e+00];
data_ref( 7, 1:3 ) = [ 1056 5.192952e-02 4.535315e+01];
data_Gemm( 7, 1:4 ) = [ 1056 3.565086e-01 1.136868e-12 6.606201e+00];
data_ref( 8, 1:3 ) = [ 1032 4.947806e-02 4.442797e+01];
data_Gemm( 8, 1:4 ) = [ 1032 3.153954e-01 1.136868e-12 6.969693e+00];
data_ref( 9, 1:3 ) = [ 1008 4.392220e-02 4.663666e+01];
data_Gemm( 9, 1:4 ) = [ 1008 2.724603e-01 1.023182e-12 7.518104e+00];
data_ref( 10, 1:3 ) = [ 984 4.064851e-02 4.687817e+01];
data_Gemm( 10, 1:4 ) = [ 984 2.527595e-01 1.023182e-12 7.538896e+00];
data_ref( 11, 1:3 ) = [ 960 3.819438e-02 4.632807e+01];
data_Gemm( 11, 1:4 ) = [ 960 2.061360e-01 9.663381e-13 8.584003e+00];
data_ref( 12, 1:3 ) = [ 936 3.602925e-02 4.552000e+01];
data_Gemm( 12, 1:4 ) = [ 936 1.051500e-01 9.663381e-13 1.559727e+01];
data_ref( 13, 1:3 ) = [ 912 3.353023e-02 4.524577e+01];
data_Gemm( 13, 1:4 ) = [ 912 7.792960e-02 9.094947e-13 1.946758e+01];
data_ref( 14, 1:3 ) = [ 888 3.104218e-02 4.511456e+01];
data_Gemm( 14, 1:4 ) = [ 888 1.039488e-01 1.051603e-12 1.347253e+01];
data_ref( 15, 1:3 ) = [ 864 2.880903e-02 4.477572e+01];
data_Gemm( 15, 1:4 ) = [ 864 7.026878e-02 8.526513e-13 1.835730e+01];
data_ref( 16, 1:3 ) = [ 840 2.613206e-02 4.536221e+01];
data_Gemm( 16, 1:4 ) = [ 840 7.347722e-02 8.810730e-13 1.613300e+01];
data_ref( 17, 1:3 ) = [ 816 2.398736e-02 4.530207e+01];
data_Gemm( 17, 1:4 ) = [ 816 4.861330e-02 7.958079e-13 2.235349e+01];
data_ref( 18, 1:3 ) = [ 792 2.207209e-02 4.501550e+01];
data_Gemm( 18, 1:4 ) = [ 792 4.255067e-02 8.526513e-13 2.335066e+01];
data_ref( 19, 1:3 ) = [ 768 1.968551e-02 4.602216e+01];
data_Gemm( 19, 1:4 ) = [ 768 3.700512e-02 7.958079e-13 2.448228e+01];
data_ref( 20, 1:3 ) = [ 744 1.790217e-02 4.600903e+01];
data_Gemm( 20, 1:4 ) = [ 744 3.487547e-02 7.958079e-13 2.361722e+01];
data_ref( 21, 1:3 ) = [ 720 1.643458e-02 4.542229e+01];
data_Gemm( 21, 1:4 ) = [ 720 3.168473e-02 7.105427e-13 2.356012e+01];
data_ref( 22, 1:3 ) = [ 696 1.488635e-02 4.529700e+01];
data_Gemm( 22, 1:4 ) = [ 696 2.905079e-02 7.105427e-13 2.321132e+01];
data_ref( 23, 1:3 ) = [ 672 1.333530e-02 4.551296e+01];
data_Gemm( 23, 1:4 ) = [ 672 2.548662e-02 7.105427e-13 2.381363e+01];
data_ref( 24, 1:3 ) = [ 648 1.207752e-02 4.505857e+01];
data_Gemm( 24, 1:4 ) = [ 648 2.375313e-02 5.968559e-13 2.291048e+01];
data_ref( 25, 1:3 ) = [ 624 1.086039e-02 4.474437e+01];
data_Gemm( 25, 1:4 ) = [ 624 2.117793e-02 5.684342e-13 2.294565e+01];
data_ref( 26, 1:3 ) = [ 600 9.641289e-03 4.480729e+01];
data_Gemm( 26, 1:4 ) = [ 600 1.909983e-02 5.684342e-13 2.261800e+01];
data_ref( 27, 1:3 ) = [ 576 8.640451e-03 4.423449e+01];
data_Gemm( 27, 1:4 ) = [ 576 1.660301e-02 4.547474e-13 2.302028e+01];
data_ref( 28, 1:3 ) = [ 552 7.532465e-03 4.465911e+01];
data_Gemm( 28, 1:4 ) = [ 552 1.497651e-02 4.547474e-13 2.246139e+01];
data_ref( 29, 1:3 ) = [ 528 6.630934e-03 4.439735e+01];
data_Gemm( 29, 1:4 ) = [ 528 1.255261e-02 4.263256e-13 2.345296e+01];
data_ref( 30, 1:3 ) = [ 504 5.602691e-03 4.570092e+01];
data_Gemm( 30, 1:4 ) = [ 504 1.130197e-02 3.694822e-13 2.265518e+01];
data_ref( 31, 1:3 ) = [ 480 4.831414e-03 4.578039e+01];
data_Gemm( 31, 1:4 ) = [ 480 9.490849e-03 3.268497e-13 2.330498e+01];
data_ref( 32, 1:3 ) = [ 456 4.236811e-03 4.475952e+01];
data_Gemm( 32, 1:4 ) = [ 456 8.055413e-03 2.984279e-13 2.354164e+01];
data_ref( 33, 1:3 ) = [ 432 3.458262e-03 4.662548e+01];
data_Gemm( 33, 1:4 ) = [ 432 6.722506e-03 2.842171e-13 2.398557e+01];
data_ref( 34, 1:3 ) = [ 408 2.925358e-03 4.643350e+01];
data_Gemm( 34, 1:4 ) = [ 408 5.678666e-03 2.415845e-13 2.392016e+01];
data_ref( 35, 1:3 ) = [ 384 2.452318e-03 4.617925e+01];
data_Gemm( 35, 1:4 ) = [ 384 4.596903e-03 2.273737e-13 2.463533e+01];
data_ref( 36, 1:3 ) = [ 360 2.031289e-03 4.593733e+01];
data_Gemm( 36, 1:4 ) = [ 360 3.877571e-03 1.989520e-13 2.406455e+01];
data_ref( 37, 1:3 ) = [ 336 1.672665e-03 4.535643e+01];
data_Gemm( 37, 1:4 ) = [ 336 3.114154e-03 1.705303e-13 2.436171e+01];
data_ref( 38, 1:3 ) = [ 312 1.357673e-03 4.474027e+01];
data_Gemm( 38, 1:4 ) = [ 312 2.481851e-03 1.278977e-13 2.447474e+01];
data_ref( 39, 1:3 ) = [ 288 1.079504e-03 4.425713e+01];
data_Gemm( 39, 1:4 ) = [ 288 1.949984e-03 9.947598e-14 2.450058e+01];
data_ref( 40, 1:3 ) = [ 264 8.494350e-04 4.332231e+01];
data_Gemm( 40, 1:4 ) = [ 264 1.494133e-03 8.526513e-14 2.462933e+01];
data_ref( 41, 1:3 ) = [ 240 6.144040e-04 4.499971e+01];
data_Gemm( 41, 1:4 ) = [ 240 1.143938e-03 4.263256e-14 2.416914e+01];
data_ref( 42, 1:3 ) = [ 216 4.547630e-04 4.432065e+01];
data_Gemm( 42, 1:4 ) = [ 216 8.437420e-04 2.842171e-14 2.388810e+01];
data_ref( 43, 1:3 ) = [ 192 3.270380e-04 4.328480e+01];
data_Gemm( 43, 1:4 ) = [ 192 5.675150e-04 2.842171e-14 2.494344e+01];
data_ref( 44, 1:3 ) = [ 168 2.294320e-04 4.133366e+01];
data_Gemm( 44, 1:4 ) = [ 168 2.943570e-04 2.842171e-14 3.221688e+01];
data_ref( 45, 1:3 ) = [ 144 1.504860e-04 3.968454e+01];
data_Gemm( 45, 1:4 ) = [ 144 1.773470e-04 2.842171e-14 3.367392e+01];
data_ref( 46, 1:3 ) = [ 120 9.228600e-05 3.744880e+01];
data_Gemm( 46, 1:4 ) = [ 120 1.044300e-04 2.131628e-14 3.309394e+01];
data_ref( 47, 1:3 ) = [ 96 5.256400e-05 3.366319e+01];
data_Gemm( 47, 1:4 ) = [ 96 4.610800e-05 1.065814e-14 3.837668e+01];
data_ref( 48, 1:3 ) = [ 72 2.579700e-05 2.893732e+01];
data_Gemm( 48, 1:4 ) = [ 72 2.010500e-05 1.065814e-14 3.712987e+01];
data_ref( 49, 1:3 ) = [ 48 1.098800e-05 2.012960e+01];
data_Gemm( 49, 1:4 ) = [ 48 6.031000e-06 7.105427e-15 3.667452e+01];
data_ref( 50, 1:3 ) = [ 24 4.721000e-06 5.856386e+00];
data_Gemm( 50, 1:4 ) = [ 24 8.810000e-07 3.552714e-15 3.138252e+01];

 % Maximum difference between reference and your implementation: 1.534772e-12.
