your_version = 'GemmIJP\_JI\_Kernel\_4x4';
% number of repeats:% 3
% enter first, last, inc:% 24 1200 24 
data_ref( 1, 1:3 ) = [ 1200 7.322872e-02 4.719460e+01];
data_Gemm( 1, 1:4 ) = [ 1200 1.012884e-01 1.477929e-12 3.412040e+01];
data_ref( 2, 1:3 ) = [ 1176 6.914513e-02 4.704249e+01];
data_Gemm( 2, 1:4 ) = [ 1176 9.973635e-02 1.477929e-12 3.261358e+01];
data_ref( 3, 1:3 ) = [ 1152 6.502448e-02 4.702302e+01];
data_Gemm( 3, 1:4 ) = [ 1152 9.917553e-02 1.534772e-12 3.083067e+01];
data_ref( 4, 1:3 ) = [ 1128 6.135386e-02 4.678595e+01];
data_Gemm( 4, 1:4 ) = [ 1128 8.729387e-02 1.307399e-12 3.288316e+01];
data_ref( 5, 1:3 ) = [ 1104 5.789747e-02 4.648124e+01];
data_Gemm( 5, 1:4 ) = [ 1104 8.229135e-02 1.421085e-12 3.270266e+01];
data_ref( 6, 1:3 ) = [ 1080 5.421346e-02 4.647229e+01];
data_Gemm( 6, 1:4 ) = [ 1080 7.774648e-02 1.136868e-12 3.240563e+01];
data_ref( 7, 1:3 ) = [ 1056 5.097365e-02 4.620362e+01];
data_Gemm( 7, 1:4 ) = [ 1056 7.589331e-02 1.136868e-12 3.103260e+01];
data_ref( 8, 1:3 ) = [ 1032 4.835860e-02 4.545643e+01];
data_Gemm( 8, 1:4 ) = [ 1032 6.972121e-02 1.136868e-12 3.152856e+01];
data_ref( 9, 1:3 ) = [ 1008 4.360528e-02 4.697561e+01];
data_Gemm( 9, 1:4 ) = [ 1008 6.241569e-02 1.023182e-12 3.281843e+01];
data_ref( 10, 1:3 ) = [ 984 4.057147e-02 4.696719e+01];
data_Gemm( 10, 1:4 ) = [ 984 6.185539e-02 1.023182e-12 3.080617e+01];
data_ref( 11, 1:3 ) = [ 960 3.810698e-02 4.643433e+01];
data_Gemm( 11, 1:4 ) = [ 960 5.663106e-02 9.663381e-13 3.124561e+01];
data_ref( 12, 1:3 ) = [ 936 3.525006e-02 4.652621e+01];
data_Gemm( 12, 1:4 ) = [ 936 5.209381e-02 9.663381e-13 3.148266e+01];
data_ref( 13, 1:3 ) = [ 912 3.273943e-02 4.633865e+01];
data_Gemm( 13, 1:4 ) = [ 912 5.381178e-02 9.094947e-13 2.819273e+01];
data_ref( 14, 1:3 ) = [ 888 3.035388e-02 4.613757e+01];
data_Gemm( 14, 1:4 ) = [ 888 4.382039e-02 1.051603e-12 3.195896e+01];
data_ref( 15, 1:3 ) = [ 864 2.806831e-02 4.595735e+01];
data_Gemm( 15, 1:4 ) = [ 864 3.978272e-02 8.526513e-13 3.242476e+01];
data_ref( 16, 1:3 ) = [ 840 2.589809e-02 4.577202e+01];
data_Gemm( 16, 1:4 ) = [ 840 4.409807e-02 8.810730e-13 2.688118e+01];
data_ref( 17, 1:3 ) = [ 816 2.395147e-02 4.536995e+01];
data_Gemm( 17, 1:4 ) = [ 816 3.958759e-02 7.958079e-13 2.744994e+01];
data_ref( 18, 1:3 ) = [ 792 2.194044e-02 4.528560e+01];
data_Gemm( 18, 1:4 ) = [ 792 3.172894e-02 8.526513e-13 3.131482e+01];
data_ref( 19, 1:3 ) = [ 768 1.970353e-02 4.598006e+01];
data_Gemm( 19, 1:4 ) = [ 768 3.983389e-02 7.958079e-13 2.274369e+01];
data_ref( 20, 1:3 ) = [ 744 1.781624e-02 4.623096e+01];
data_Gemm( 20, 1:4 ) = [ 744 2.961630e-02 7.958079e-13 2.781109e+01];
data_ref( 21, 1:3 ) = [ 720 1.630308e-02 4.578865e+01];
data_Gemm( 21, 1:4 ) = [ 720 2.391911e-02 7.105427e-13 3.120918e+01];
data_ref( 22, 1:3 ) = [ 696 1.477741e-02 4.563093e+01];
data_Gemm( 22, 1:4 ) = [ 696 2.166056e-02 7.105427e-13 3.113064e+01];
data_ref( 23, 1:3 ) = [ 672 1.330489e-02 4.561698e+01];
data_Gemm( 23, 1:4 ) = [ 672 1.993535e-02 7.105427e-13 3.044486e+01];
data_ref( 24, 1:3 ) = [ 648 1.198043e-02 4.542370e+01];
data_Gemm( 24, 1:4 ) = [ 648 1.832715e-02 5.968559e-13 2.969340e+01];
data_ref( 25, 1:3 ) = [ 624 1.082850e-02 4.487614e+01];
data_Gemm( 25, 1:4 ) = [ 624 1.608223e-02 5.684342e-13 3.021604e+01];
data_ref( 26, 1:3 ) = [ 600 9.632975e-03 4.484596e+01];
data_Gemm( 26, 1:4 ) = [ 600 1.404336e-02 5.684342e-13 3.076188e+01];
data_ref( 27, 1:3 ) = [ 576 8.506031e-03 4.493352e+01];
data_Gemm( 27, 1:4 ) = [ 576 1.266658e-02 4.547474e-13 3.017436e+01];
data_ref( 28, 1:3 ) = [ 552 7.535765e-03 4.463956e+01];
data_Gemm( 28, 1:4 ) = [ 552 1.115481e-02 4.547474e-13 3.015679e+01];
data_ref( 29, 1:3 ) = [ 528 6.612177e-03 4.452329e+01];
data_Gemm( 29, 1:4 ) = [ 528 9.857605e-03 4.263256e-13 2.986485e+01];
data_ref( 30, 1:3 ) = [ 504 5.616806e-03 4.558607e+01];
data_Gemm( 30, 1:4 ) = [ 504 8.313227e-03 3.694822e-13 3.080009e+01];
data_ref( 31, 1:3 ) = [ 480 4.793792e-03 4.613967e+01];
data_Gemm( 31, 1:4 ) = [ 480 7.446186e-03 3.268497e-13 2.970433e+01];
data_ref( 32, 1:3 ) = [ 456 4.107947e-03 4.616360e+01];
data_Gemm( 32, 1:4 ) = [ 456 6.211429e-03 2.984279e-13 3.053044e+01];
data_ref( 33, 1:3 ) = [ 432 3.467469e-03 4.650168e+01];
data_Gemm( 33, 1:4 ) = [ 432 5.708850e-03 2.842171e-13 2.824442e+01];
data_ref( 34, 1:3 ) = [ 408 2.973371e-03 4.568371e+01];
data_Gemm( 34, 1:4 ) = [ 408 4.859865e-03 2.415845e-13 2.795029e+01];
data_ref( 35, 1:3 ) = [ 384 2.463796e-03 4.596412e+01];
data_Gemm( 35, 1:4 ) = [ 384 3.870753e-03 2.273737e-13 2.925689e+01];
data_ref( 36, 1:3 ) = [ 360 2.038680e-03 4.577079e+01];
data_Gemm( 36, 1:4 ) = [ 360 2.990739e-03 1.989520e-13 3.120032e+01];
data_ref( 37, 1:3 ) = [ 336 1.678186e-03 4.520721e+01];
data_Gemm( 37, 1:4 ) = [ 336 2.376721e-03 1.705303e-13 3.192050e+01];
data_ref( 38, 1:3 ) = [ 312 1.361950e-03 4.459977e+01];
data_Gemm( 38, 1:4 ) = [ 312 1.920583e-03 1.278977e-13 3.162720e+01];
data_ref( 39, 1:3 ) = [ 288 1.084161e-03 4.406702e+01];
data_Gemm( 39, 1:4 ) = [ 288 1.524047e-03 9.947598e-14 3.134795e+01];
data_ref( 40, 1:3 ) = [ 264 8.485400e-04 4.336801e+01];
data_Gemm( 40, 1:4 ) = [ 264 1.173159e-03 8.526513e-14 3.136786e+01];
data_ref( 41, 1:3 ) = [ 240 6.148520e-04 4.496692e+01];
data_Gemm( 41, 1:4 ) = [ 240 8.015520e-04 4.263256e-14 3.449308e+01];
data_ref( 42, 1:3 ) = [ 216 4.550350e-04 4.429416e+01];
data_Gemm( 42, 1:4 ) = [ 216 5.642520e-04 2.842171e-14 3.572055e+01];
data_ref( 43, 1:3 ) = [ 192 3.269450e-04 4.329712e+01];
data_Gemm( 43, 1:4 ) = [ 192 4.024910e-04 2.842171e-14 3.517042e+01];
data_ref( 44, 1:3 ) = [ 168 2.272600e-04 4.172870e+01];
data_Gemm( 44, 1:4 ) = [ 168 2.654080e-04 2.842171e-14 3.573089e+01];
data_ref( 45, 1:3 ) = [ 144 1.497230e-04 3.988678e+01];
data_Gemm( 45, 1:4 ) = [ 144 1.662760e-04 2.842171e-14 3.591600e+01];
data_ref( 46, 1:3 ) = [ 120 9.119200e-05 3.789806e+01];
data_Gemm( 46, 1:4 ) = [ 120 9.144100e-05 2.131628e-14 3.779486e+01];
data_ref( 47, 1:3 ) = [ 96 5.174100e-05 3.419864e+01];
data_Gemm( 47, 1:4 ) = [ 96 4.713000e-05 1.065814e-14 3.754449e+01];
data_ref( 48, 1:3 ) = [ 72 2.526500e-05 2.954665e+01];
data_Gemm( 48, 1:4 ) = [ 72 2.016200e-05 1.065814e-14 3.702490e+01];
data_ref( 49, 1:3 ) = [ 48 1.089900e-05 2.029397e+01];
data_Gemm( 49, 1:4 ) = [ 48 6.104000e-06 7.105427e-15 3.623591e+01];
data_ref( 50, 1:3 ) = [ 24 4.492000e-06 6.154942e+00];
data_Gemm( 50, 1:4 ) = [ 24 8.480000e-07 3.552714e-15 3.260377e+01];

 % Maximum difference between reference and your implementation: 1.534772e-12.
