your_version = 'GemmFiveLoops8x4';
% number of repeats:% 3
% enter first, last, inc:% 24 1200 24 
data_ref( 1, 1:3 ) = [ 1200 7.316274e-02 4.723716e+01];
data_Gemm( 1, 1:4 ) = [ 1200 1.074287e-01 1.477929e-12 3.217017e+01];
data_ref( 2, 1:3 ) = [ 1176 6.869081e-02 4.735363e+01];
data_Gemm( 2, 1:4 ) = [ 1176 1.049289e-01 1.477929e-12 3.099966e+01];
data_ref( 3, 1:3 ) = [ 1152 6.490450e-02 4.710995e+01];
data_Gemm( 3, 1:4 ) = [ 1152 9.634247e-02 1.534772e-12 3.173728e+01];
data_ref( 4, 1:3 ) = [ 1128 6.084440e-02 4.717769e+01];
data_Gemm( 4, 1:4 ) = [ 1128 8.914632e-02 1.307399e-12 3.219985e+01];
data_ref( 5, 1:3 ) = [ 1104 5.765251e-02 4.667872e+01];
data_Gemm( 5, 1:4 ) = [ 1104 8.755695e-02 1.421085e-12 3.073595e+01];
data_ref( 6, 1:3 ) = [ 1080 5.373642e-02 4.688485e+01];
data_Gemm( 6, 1:4 ) = [ 1080 8.210765e-02 1.136868e-12 3.068440e+01];
data_ref( 7, 1:3 ) = [ 1056 5.060314e-02 4.654192e+01];
data_Gemm( 7, 1:4 ) = [ 1056 7.475726e-02 1.136868e-12 3.150419e+01];
data_ref( 8, 1:3 ) = [ 1032 4.778783e-02 4.599936e+01];
data_Gemm( 8, 1:4 ) = [ 1032 6.868310e-02 1.136868e-12 3.200510e+01];
data_ref( 9, 1:3 ) = [ 1008 4.322228e-02 4.739188e+01];
data_Gemm( 9, 1:4 ) = [ 1008 6.416539e-02 1.023182e-12 3.192352e+01];
data_ref( 10, 1:3 ) = [ 984 4.030309e-02 4.727994e+01];
data_Gemm( 10, 1:4 ) = [ 984 5.822150e-02 1.023182e-12 3.272894e+01];
data_ref( 11, 1:3 ) = [ 960 3.765308e-02 4.699408e+01];
data_Gemm( 11, 1:4 ) = [ 960 5.470774e-02 9.663381e-13 3.234409e+01];
data_ref( 12, 1:3 ) = [ 936 3.487469e-02 4.702699e+01];
data_Gemm( 12, 1:4 ) = [ 936 5.081844e-02 9.663381e-13 3.227277e+01];
data_ref( 13, 1:3 ) = [ 912 3.263032e-02 4.649360e+01];
data_Gemm( 13, 1:4 ) = [ 912 4.743952e-02 9.094947e-13 3.197969e+01];
data_ref( 14, 1:3 ) = [ 888 3.016329e-02 4.642909e+01];
data_Gemm( 14, 1:4 ) = [ 888 4.400302e-02 1.051603e-12 3.182632e+01];
data_ref( 15, 1:3 ) = [ 864 2.798058e-02 4.610144e+01];
data_Gemm( 15, 1:4 ) = [ 864 4.064441e-02 8.526513e-13 3.173733e+01];
data_ref( 16, 1:3 ) = [ 840 2.572468e-02 4.608057e+01];
data_Gemm( 16, 1:4 ) = [ 840 3.626897e-02 8.810730e-13 3.268381e+01];
data_ref( 17, 1:3 ) = [ 816 2.376950e-02 4.571728e+01];
data_Gemm( 17, 1:4 ) = [ 816 3.333635e-02 7.958079e-13 3.259736e+01];
data_ref( 18, 1:3 ) = [ 792 2.177156e-02 4.563689e+01];
data_Gemm( 18, 1:4 ) = [ 792 3.120039e-02 8.526513e-13 3.184531e+01];
data_ref( 19, 1:3 ) = [ 768 1.954063e-02 4.636339e+01];
data_Gemm( 19, 1:4 ) = [ 768 2.816185e-02 7.958079e-13 3.217011e+01];
data_ref( 20, 1:3 ) = [ 744 1.768380e-02 4.657719e+01];
data_Gemm( 20, 1:4 ) = [ 744 2.475167e-02 7.958079e-13 3.327701e+01];
data_ref( 21, 1:3 ) = [ 720 1.618943e-02 4.611009e+01];
data_Gemm( 21, 1:4 ) = [ 720 2.323564e-02 7.105427e-13 3.212719e+01];
data_ref( 22, 1:3 ) = [ 696 1.474540e-02 4.573000e+01];
data_Gemm( 22, 1:4 ) = [ 696 2.076955e-02 7.105427e-13 3.246614e+01];
data_ref( 23, 1:3 ) = [ 672 1.325370e-02 4.579316e+01];
data_Gemm( 23, 1:4 ) = [ 672 1.861310e-02 7.105427e-13 3.260762e+01];
data_ref( 24, 1:3 ) = [ 648 1.204263e-02 4.518911e+01];
data_Gemm( 24, 1:4 ) = [ 648 1.687772e-02 5.968559e-13 3.224342e+01];
data_ref( 25, 1:3 ) = [ 624 1.072243e-02 4.532008e+01];
data_Gemm( 25, 1:4 ) = [ 624 1.510612e-02 5.684342e-13 3.216849e+01];
data_ref( 26, 1:3 ) = [ 600 9.589975e-03 4.504704e+01];
data_Gemm( 26, 1:4 ) = [ 600 1.312515e-02 5.684342e-13 3.291390e+01];
data_ref( 27, 1:3 ) = [ 576 8.456500e-03 4.519671e+01];
data_Gemm( 27, 1:4 ) = [ 576 1.170530e-02 4.547474e-13 3.265238e+01];
data_ref( 28, 1:3 ) = [ 552 7.446086e-03 4.517719e+01];
data_Gemm( 28, 1:4 ) = [ 552 1.026622e-02 4.547474e-13 3.276699e+01];
data_ref( 29, 1:3 ) = [ 528 6.551042e-03 4.493879e+01];
data_Gemm( 29, 1:4 ) = [ 528 9.222601e-03 4.263256e-13 3.192114e+01];
data_ref( 30, 1:3 ) = [ 504 5.569046e-03 4.597702e+01];
data_Gemm( 30, 1:4 ) = [ 504 7.796049e-03 3.694822e-13 3.284332e+01];
data_ref( 31, 1:3 ) = [ 480 4.748252e-03 4.658219e+01];
data_Gemm( 31, 1:4 ) = [ 480 6.768341e-03 3.268497e-13 3.267920e+01];
data_ref( 32, 1:3 ) = [ 456 4.080435e-03 4.647486e+01];
data_Gemm( 32, 1:4 ) = [ 456 5.958939e-03 2.984279e-13 3.182406e+01];
data_ref( 33, 1:3 ) = [ 432 3.460770e-03 4.659169e+01];
data_Gemm( 33, 1:4 ) = [ 432 5.029715e-03 2.842171e-13 3.205811e+01];
data_ref( 34, 1:3 ) = [ 408 2.920714e-03 4.650733e+01];
data_Gemm( 34, 1:4 ) = [ 408 4.148165e-03 2.415845e-13 3.274571e+01];
data_ref( 35, 1:3 ) = [ 384 2.449028e-03 4.624129e+01];
data_Gemm( 35, 1:4 ) = [ 384 3.436309e-03 2.273737e-13 3.295577e+01];
data_ref( 36, 1:3 ) = [ 360 2.030412e-03 4.595718e+01];
data_Gemm( 36, 1:4 ) = [ 360 2.816463e-03 1.989520e-13 3.313092e+01];
data_ref( 37, 1:3 ) = [ 336 1.677826e-03 4.521691e+01];
data_Gemm( 37, 1:4 ) = [ 336 2.327654e-03 1.705303e-13 3.259338e+01];
data_ref( 38, 1:3 ) = [ 312 1.358330e-03 4.471863e+01];
data_Gemm( 38, 1:4 ) = [ 312 1.867026e-03 1.278977e-13 3.253445e+01];
data_ref( 39, 1:3 ) = [ 288 1.081020e-03 4.419506e+01];
data_Gemm( 39, 1:4 ) = [ 288 1.517806e-03 9.947598e-14 3.147684e+01];
data_ref( 40, 1:3 ) = [ 264 8.456030e-04 4.351863e+01];
data_Gemm( 40, 1:4 ) = [ 264 1.153186e-03 8.526513e-14 3.191115e+01];
data_ref( 41, 1:3 ) = [ 240 6.163830e-04 4.485523e+01];
data_Gemm( 41, 1:4 ) = [ 240 8.925520e-04 4.263256e-14 3.097635e+01];
data_ref( 42, 1:3 ) = [ 216 4.557680e-04 4.422292e+01];
data_Gemm( 42, 1:4 ) = [ 216 6.366880e-04 2.842171e-14 3.165662e+01];
data_ref( 43, 1:3 ) = [ 192 3.271480e-04 4.327025e+01];
data_Gemm( 43, 1:4 ) = [ 192 4.538490e-04 2.842171e-14 3.119050e+01];
data_ref( 44, 1:3 ) = [ 168 2.273520e-04 4.171181e+01];
data_Gemm( 44, 1:4 ) = [ 168 3.087580e-04 2.842171e-14 3.071423e+01];
data_ref( 45, 1:3 ) = [ 144 1.498700e-04 3.984765e+01];
data_Gemm( 45, 1:4 ) = [ 144 1.998600e-04 2.842171e-14 2.988076e+01];
data_ref( 46, 1:3 ) = [ 120 9.129300e-05 3.785613e+01];
data_Gemm( 46, 1:4 ) = [ 120 1.191410e-04 2.131628e-14 2.900765e+01];
data_ref( 47, 1:3 ) = [ 96 5.192500e-05 3.407746e+01];
data_Gemm( 47, 1:4 ) = [ 96 6.494100e-05 1.065814e-14 2.724738e+01];
data_ref( 48, 1:3 ) = [ 72 2.569300e-05 2.905445e+01];
data_Gemm( 48, 1:4 ) = [ 72 2.943600e-05 1.065814e-14 2.535997e+01];
data_ref( 49, 1:3 ) = [ 48 1.075700e-05 2.056187e+01];
data_Gemm( 49, 1:4 ) = [ 48 9.796000e-06 7.105427e-15 2.257901e+01];
data_ref( 50, 1:3 ) = [ 24 4.703000e-06 5.878801e+00];
data_Gemm( 50, 1:4 ) = [ 24 1.825000e-06 3.552714e-15 1.514959e+01];

 % Maximum difference between reference and your implementation: 1.534772e-12.
