your_version = 'GemmJI\_Kernel\_4x4';
% number of repeats:% 3
% enter first, last, inc:% 24 1200 24 
data_ref( 1, 1:3 ) = [ 1200 9.116568e-02 3.790900e+01];
data_Gemm( 1, 1:4 ) = [ 1200 2.461767e-01 1.477929e-12 1.403870e+01];
data_ref( 2, 1:3 ) = [ 1176 8.611822e-02 3.777086e+01];
data_Gemm( 2, 1:4 ) = [ 1176 2.271951e-01 1.477929e-12 1.431703e+01];
data_ref( 3, 1:3 ) = [ 1152 8.089037e-02 3.779989e+01];
data_Gemm( 3, 1:4 ) = [ 1152 2.590592e-01 1.534772e-12 1.180289e+01];
data_ref( 4, 1:3 ) = [ 1128 7.614931e-02 3.769566e+01];
data_Gemm( 4, 1:4 ) = [ 1128 2.013635e-01 1.307399e-12 1.425531e+01];
data_ref( 5, 1:3 ) = [ 1104 7.201313e-02 3.737021e+01];
data_Gemm( 5, 1:4 ) = [ 1104 1.915303e-01 1.421085e-12 1.405076e+01];
data_ref( 6, 1:3 ) = [ 1080 6.726118e-02 3.745732e+01];
data_Gemm( 6, 1:4 ) = [ 1080 1.767170e-01 1.136868e-12 1.425683e+01];
data_ref( 7, 1:3 ) = [ 1056 6.295973e-02 3.740752e+01];
data_Gemm( 7, 1:4 ) = [ 1056 1.866894e-01 1.136868e-12 1.261543e+01];
data_ref( 8, 1:3 ) = [ 1032 6.131124e-02 3.585329e+01];
data_Gemm( 8, 1:4 ) = [ 1032 1.575103e-01 1.136868e-12 1.395597e+01];
data_ref( 9, 1:3 ) = [ 1008 5.444183e-02 3.762521e+01];
data_Gemm( 9, 1:4 ) = [ 1008 1.447982e-01 1.023182e-12 1.414648e+01];
data_ref( 10, 1:3 ) = [ 984 5.062113e-02 3.764293e+01];
data_Gemm( 10, 1:4 ) = [ 984 1.343030e-01 1.023182e-12 1.418827e+01];
data_ref( 11, 1:3 ) = [ 960 4.699232e-02 3.765450e+01];
data_Gemm( 11, 1:4 ) = [ 960 1.394330e-01 9.663381e-13 1.269049e+01];
data_ref( 12, 1:3 ) = [ 936 4.355530e-02 3.765447e+01];
data_Gemm( 12, 1:4 ) = [ 936 1.148043e-01 9.663381e-13 1.428562e+01];
data_ref( 13, 1:3 ) = [ 912 4.045134e-02 3.750435e+01];
data_Gemm( 13, 1:4 ) = [ 912 1.069892e-01 9.094947e-13 1.417994e+01];
data_ref( 14, 1:3 ) = [ 888 3.724873e-02 3.759736e+01];
data_Gemm( 14, 1:4 ) = [ 888 9.877717e-02 1.051603e-12 1.417791e+01];
data_ref( 15, 1:3 ) = [ 864 3.428198e-02 3.762750e+01];
data_Gemm( 15, 1:4 ) = [ 864 9.548993e-02 8.526513e-13 1.350870e+01];
data_ref( 16, 1:3 ) = [ 840 3.150968e-02 3.762044e+01];
data_Gemm( 16, 1:4 ) = [ 840 8.554831e-02 8.810730e-13 1.385659e+01];
data_ref( 17, 1:3 ) = [ 816 2.899352e-02 3.748000e+01];
data_Gemm( 17, 1:4 ) = [ 816 7.628277e-02 7.958079e-13 1.424538e+01];
data_ref( 18, 1:3 ) = [ 792 2.649976e-02 3.749416e+01];
data_Gemm( 18, 1:4 ) = [ 792 6.882251e-02 8.526513e-13 1.443694e+01];
data_ref( 19, 1:3 ) = [ 768 2.383637e-02 3.800787e+01];
data_Gemm( 19, 1:4 ) = [ 768 6.744120e-02 7.958079e-13 1.343348e+01];
data_ref( 20, 1:3 ) = [ 744 2.168313e-02 3.798628e+01];
data_Gemm( 20, 1:4 ) = [ 744 5.744411e-02 7.958079e-13 1.433849e+01];
data_ref( 21, 1:3 ) = [ 720 1.971531e-02 3.786378e+01];
data_Gemm( 21, 1:4 ) = [ 720 5.215585e-02 7.105427e-13 1.431279e+01];
data_ref( 22, 1:3 ) = [ 696 1.785449e-02 3.776681e+01];
data_Gemm( 22, 1:4 ) = [ 696 4.729192e-02 7.105427e-13 1.425840e+01];
data_ref( 23, 1:3 ) = [ 672 1.609891e-02 3.770001e+01];
data_Gemm( 23, 1:4 ) = [ 672 4.435583e-02 7.105427e-13 1.368318e+01];
data_ref( 24, 1:3 ) = [ 648 1.449518e-02 3.754321e+01];
data_Gemm( 24, 1:4 ) = [ 648 3.834421e-02 5.968559e-13 1.419238e+01];
data_ref( 25, 1:3 ) = [ 624 1.305087e-02 3.723439e+01];
data_Gemm( 25, 1:4 ) = [ 624 3.434903e-02 5.684342e-13 1.414716e+01];
data_ref( 26, 1:3 ) = [ 600 1.161683e-02 3.718744e+01];
data_Gemm( 26, 1:4 ) = [ 600 3.062913e-02 5.684342e-13 1.410422e+01];
data_ref( 27, 1:3 ) = [ 576 1.028811e-02 3.715028e+01];
data_Gemm( 27, 1:4 ) = [ 576 3.070036e-02 4.547474e-13 1.244956e+01];
data_ref( 28, 1:3 ) = [ 552 9.102849e-03 3.695472e+01];
data_Gemm( 28, 1:4 ) = [ 552 2.355710e-02 4.547474e-13 1.427991e+01];
data_ref( 29, 1:3 ) = [ 528 8.031489e-03 3.665521e+01];
data_Gemm( 29, 1:4 ) = [ 528 1.998208e-02 4.263256e-13 1.473300e+01];
data_ref( 30, 1:3 ) = [ 504 6.837635e-03 3.744688e+01];
data_Gemm( 30, 1:4 ) = [ 504 1.809054e-02 3.694822e-13 1.415370e+01];
data_ref( 31, 1:3 ) = [ 480 5.926310e-03 3.732238e+01];
data_Gemm( 31, 1:4 ) = [ 480 1.555718e-02 3.268497e-13 1.421748e+01];
data_ref( 32, 1:3 ) = [ 456 5.146569e-03 3.684739e+01];
data_Gemm( 32, 1:4 ) = [ 456 1.364067e-02 2.984279e-13 1.390237e+01];
data_ref( 33, 1:3 ) = [ 432 4.396630e-03 3.667426e+01];
data_Gemm( 33, 1:4 ) = [ 432 1.149445e-02 2.842171e-13 1.402791e+01];
data_ref( 34, 1:3 ) = [ 408 3.742525e-03 3.629491e+01];
data_Gemm( 34, 1:4 ) = [ 408 9.619214e-03 2.415845e-13 1.412118e+01];
data_ref( 35, 1:3 ) = [ 384 3.135825e-03 3.611369e+01];
data_Gemm( 35, 1:4 ) = [ 384 9.096229e-03 2.273737e-13 1.244980e+01];
data_ref( 36, 1:3 ) = [ 360 2.587137e-03 3.606767e+01];
data_Gemm( 36, 1:4 ) = [ 360 6.499876e-03 1.989520e-13 1.435597e+01];
data_ref( 37, 1:3 ) = [ 336 2.155029e-03 3.520422e+01];
data_Gemm( 37, 1:4 ) = [ 336 5.280900e-03 1.705303e-13 1.436613e+01];
data_ref( 38, 1:3 ) = [ 312 1.745781e-03 3.479397e+01];
data_Gemm( 38, 1:4 ) = [ 312 4.169408e-03 1.278977e-13 1.456865e+01];
data_ref( 39, 1:3 ) = [ 288 1.391291e-03 3.433915e+01];
data_Gemm( 39, 1:4 ) = [ 288 3.289210e-03 9.947598e-14 1.452499e+01];
data_ref( 40, 1:3 ) = [ 264 1.088535e-03 3.380644e+01];
data_Gemm( 40, 1:4 ) = [ 264 2.514165e-03 8.526513e-14 1.463686e+01];
data_ref( 41, 1:3 ) = [ 240 7.875160e-04 3.510786e+01];
data_Gemm( 41, 1:4 ) = [ 240 1.909933e-03 4.263256e-14 1.447590e+01];
data_ref( 42, 1:3 ) = [ 216 5.792130e-04 3.479789e+01];
data_Gemm( 42, 1:4 ) = [ 216 1.363426e-03 2.842171e-14 1.478290e+01];
data_ref( 43, 1:3 ) = [ 192 4.175530e-04 3.390175e+01];
data_Gemm( 43, 1:4 ) = [ 192 9.561310e-04 2.842171e-14 1.480527e+01];
data_ref( 44, 1:3 ) = [ 168 2.901080e-04 3.268874e+01];
data_Gemm( 44, 1:4 ) = [ 168 5.824620e-04 2.842171e-14 1.628134e+01];
data_ref( 45, 1:3 ) = [ 144 1.910560e-04 3.125768e+01];
data_Gemm( 45, 1:4 ) = [ 144 3.494270e-04 2.842171e-14 1.709075e+01];
data_ref( 46, 1:3 ) = [ 120 1.172190e-04 2.948327e+01];
data_Gemm( 46, 1:4 ) = [ 120 1.996670e-04 2.131628e-14 1.730882e+01];
data_ref( 47, 1:3 ) = [ 96 6.607100e-05 2.678137e+01];
data_Gemm( 47, 1:4 ) = [ 96 1.027540e-04 1.065814e-14 1.722047e+01];
data_ref( 48, 1:3 ) = [ 72 3.211100e-05 2.324736e+01];
data_Gemm( 48, 1:4 ) = [ 72 4.343800e-05 1.065814e-14 1.718532e+01];
data_ref( 49, 1:3 ) = [ 48 1.356200e-05 1.630910e+01];
data_Gemm( 49, 1:4 ) = [ 48 1.321300e-05 7.105427e-15 1.673988e+01];
data_ref( 50, 1:3 ) = [ 24 5.644000e-06 4.898653e+00];
data_Gemm( 50, 1:4 ) = [ 24 1.836000e-06 3.552714e-15 1.505882e+01];

 % Maximum difference between reference and your implementation: 1.534772e-12.
