% number of repeats:% 3
% enter first, last, inc:% 32 500 32 
data_ref( 1, 1:2 ) = [ 32 6.667000e-06 ];
data_GemmIJP( 1, 1:3 ) = [ 32 2.898900e-05 5.329071e-15];
data_ref( 2, 1:2 ) = [ 64 2.096300e-05 ];
data_GemmIJP( 2, 1:3 ) = [ 64 2.445470e-04 1.065814e-14];
data_ref( 3, 1:2 ) = [ 96 5.213900e-05 ];
data_GemmIJP( 3, 1:3 ) = [ 96 7.521760e-04 1.776357e-14];
data_ref( 4, 1:2 ) = [ 128 1.145710e-04 ];
data_GemmIJP( 4, 1:3 ) = [ 128 1.904740e-03 2.842171e-14];
data_ref( 5, 1:2 ) = [ 160 2.058370e-04 ];
data_GemmIJP( 5, 1:3 ) = [ 160 4.106868e-03 3.552714e-14];
data_ref( 6, 1:2 ) = [ 192 3.326240e-04 ];
data_GemmIJP( 6, 1:3 ) = [ 192 8.145623e-03 3.552714e-14];
data_ref( 7, 1:2 ) = [ 224 5.226000e-04 ];
data_GemmIJP( 7, 1:3 ) = [ 224 1.208357e-02 3.552714e-14];
data_ref( 8, 1:2 ) = [ 256 7.682220e-04 ];
data_GemmIJP( 8, 1:3 ) = [ 256 2.936990e-02 5.684342e-14];
data_ref( 9, 1:2 ) = [ 288 1.229602e-03 ];
data_GemmIJP( 9, 1:3 ) = [ 288 2.560958e-02 1.136868e-13];
data_ref( 10, 1:2 ) = [ 320 1.497144e-03 ];
data_GemmIJP( 10, 1:3 ) = [ 320 4.282582e-02 1.421085e-13];
data_ref( 11, 1:2 ) = [ 352 1.938722e-03 ];
data_GemmIJP( 11, 1:3 ) = [ 352 4.855458e-02 1.847411e-13];
data_ref( 12, 1:2 ) = [ 384 2.752021e-03 ];
data_GemmIJP( 12, 1:3 ) = [ 384 9.082588e-02 2.273737e-13];
data_ref( 13, 1:2 ) = [ 416 3.253384e-03 ];
data_GemmIJP( 13, 1:3 ) = [ 416 7.989346e-02 2.415845e-13];
data_ref( 14, 1:2 ) = [ 448 4.103683e-03 ];
data_GemmIJP( 14, 1:3 ) = [ 448 1.282829e-01 2.984279e-13];
data_ref( 15, 1:2 ) = [ 480 5.070765e-03 ];
data_GemmIJP( 15, 1:3 ) = [ 480 1.269096e-01 3.410605e-13];
