% number of repeats:% 3
% enter first, last, inc:% 32 500 32 
data_ref( 1, 1:2 ) = [ 32 1.973200e-05 ];
data_GemmIPJ_Axpy( 1, 1:3 ) = [ 32 5.942200e-05 3.702564e+00];
data_ref( 2, 1:2 ) = [ 64 6.222800e-05 ];
data_GemmIPJ_Axpy( 2, 1:3 ) = [ 64 5.631140e-04 5.733739e+00];
data_ref( 3, 1:2 ) = [ 96 1.521980e-04 ];
data_GemmIPJ_Axpy( 3, 1:3 ) = [ 96 1.583413e-03 7.383540e+00];
data_ref( 4, 1:2 ) = [ 128 3.138560e-04 ];
data_GemmIPJ_Axpy( 4, 1:3 ) = [ 128 1.434524e-02 8.855425e+00];
data_ref( 5, 1:2 ) = [ 160 4.290600e-04 ];
data_GemmIPJ_Axpy( 5, 1:3 ) = [ 160 1.274617e-02 1.084094e+01];
data_ref( 6, 1:2 ) = [ 192 5.957750e-04 ];
data_GemmIPJ_Axpy( 6, 1:3 ) = [ 192 1.645239e-02 1.407446e+01];
data_ref( 7, 1:2 ) = [ 224 7.134790e-04 ];
data_GemmIPJ_Axpy( 7, 1:3 ) = [ 224 2.569883e-02 1.351125e+01];
data_ref( 8, 1:2 ) = [ 256 1.046131e-03 ];
data_GemmIPJ_Axpy( 8, 1:3 ) = [ 256 1.018914e-01 1.455858e+01];
data_ref( 9, 1:2 ) = [ 288 1.447640e-03 ];
data_GemmIPJ_Axpy( 9, 1:3 ) = [ 288 5.401885e-02 1.701449e+01];
data_ref( 10, 1:2 ) = [ 320 2.039292e-03 ];
data_GemmIPJ_Axpy( 10, 1:3 ) = [ 320 7.492489e-02 1.895227e+01];
data_ref( 11, 1:2 ) = [ 352 2.595593e-03 ];
data_GemmIPJ_Axpy( 11, 1:3 ) = [ 352 9.888043e-02 1.909940e+01];
data_ref( 12, 1:2 ) = [ 384 5.051871e-03 ];
data_GemmIPJ_Axpy( 12, 1:3 ) = [ 384 2.439727e-01 2.071839e+01];
data_ref( 13, 1:2 ) = [ 416 4.122009e-03 ];
data_GemmIPJ_Axpy( 13, 1:3 ) = [ 416 1.660364e-01 2.091009e+01];
data_ref( 14, 1:2 ) = [ 448 5.140396e-03 ];
data_GemmIPJ_Axpy( 14, 1:3 ) = [ 448 2.154492e-01 1.888770e+01];
data_ref( 15, 1:2 ) = [ 480 6.382419e-03 ];
data_GemmIPJ_Axpy( 15, 1:3 ) = [ 480 2.540003e-01 2.495661e+01];
