% number of repeats:% 3
% enter first, last, inc:% 32 500 32 
data_ref( 1, 1:2 ) = [ 32 6.702000e-06 ];
data_GemmJI_IntrinsicsKernel( 1, 1:3 ) = [ 32 3.310000e-06 3.552714e-15];
data_ref( 2, 1:2 ) = [ 64 2.103200e-05 ];
data_GemmJI_IntrinsicsKernel( 2, 1:3 ) = [ 64 2.738600e-05 1.065814e-14];
data_ref( 3, 1:2 ) = [ 96 5.213400e-05 ];
data_GemmJI_IntrinsicsKernel( 3, 1:3 ) = [ 96 8.161300e-05 1.421085e-14];
data_ref( 4, 1:2 ) = [ 128 1.144480e-04 ];
data_GemmJI_IntrinsicsKernel( 4, 1:3 ) = [ 128 1.944220e-04 2.842171e-14];
data_ref( 5, 1:2 ) = [ 160 2.056600e-04 ];
data_GemmJI_IntrinsicsKernel( 5, 1:3 ) = [ 160 4.556340e-04 2.842171e-14];
data_ref( 6, 1:2 ) = [ 192 3.316460e-04 ];
data_GemmJI_IntrinsicsKernel( 6, 1:3 ) = [ 192 8.893800e-04 2.131628e-14];
data_ref( 7, 1:2 ) = [ 224 5.256440e-04 ];
data_GemmJI_IntrinsicsKernel( 7, 1:3 ) = [ 224 1.482458e-03 4.263256e-14];
data_ref( 8, 1:2 ) = [ 256 7.679960e-04 ];
data_GemmJI_IntrinsicsKernel( 8, 1:3 ) = [ 256 2.771462e-03 5.684342e-14];
data_ref( 9, 1:2 ) = [ 288 1.101808e-03 ];
data_GemmJI_IntrinsicsKernel( 9, 1:3 ) = [ 288 3.134866e-03 1.136868e-13];
data_ref( 10, 1:2 ) = [ 320 1.514056e-03 ];
data_GemmJI_IntrinsicsKernel( 10, 1:3 ) = [ 320 4.833345e-03 1.421085e-13];
data_ref( 11, 1:2 ) = [ 352 2.327149e-03 ];
data_GemmJI_IntrinsicsKernel( 11, 1:3 ) = [ 352 5.679170e-03 1.847411e-13];
data_ref( 12, 1:2 ) = [ 384 2.526139e-03 ];
data_GemmJI_IntrinsicsKernel( 12, 1:3 ) = [ 384 9.214123e-03 2.273737e-13];
data_ref( 13, 1:2 ) = [ 416 3.768093e-03 ];
data_GemmJI_IntrinsicsKernel( 13, 1:3 ) = [ 416 9.424710e-03 2.415845e-13];
data_ref( 14, 1:2 ) = [ 448 4.048357e-03 ];
data_GemmJI_IntrinsicsKernel( 14, 1:3 ) = [ 448 1.454175e-02 2.984279e-13];
data_ref( 15, 1:2 ) = [ 480 5.556477e-03 ];
data_GemmJI_IntrinsicsKernel( 15, 1:3 ) = [ 480 1.657470e-02 3.410605e-13];
