% number of repeats:% 3
% enter first, last, inc:% 32 500 32 
data_ref( 1, 1:2 ) = [ 32 4.010000e-07 ];
data_Axpy( 1, 1:3 ) = [ 32 1.570000e-07 0.000000e+00];
data_ref( 2, 1:2 ) = [ 64 1.500000e-07 ];
data_Axpy( 2, 1:3 ) = [ 64 1.710000e-07 0.000000e+00];
data_ref( 3, 1:2 ) = [ 96 1.730000e-07 ];
data_Axpy( 3, 1:3 ) = [ 96 2.200000e-07 0.000000e+00];
data_ref( 4, 1:2 ) = [ 128 2.060000e-07 ];
data_Axpy( 4, 1:3 ) = [ 128 2.700000e-07 0.000000e+00];
data_ref( 5, 1:2 ) = [ 160 2.210000e-07 ];
data_Axpy( 5, 1:3 ) = [ 160 3.150000e-07 0.000000e+00];
data_ref( 6, 1:2 ) = [ 192 2.300000e-07 ];
data_Axpy( 6, 1:3 ) = [ 192 3.700000e-07 0.000000e+00];
data_ref( 7, 1:2 ) = [ 224 2.400000e-07 ];
data_Axpy( 7, 1:3 ) = [ 224 4.200000e-07 0.000000e+00];
data_ref( 8, 1:2 ) = [ 256 2.610000e-07 ];
data_Axpy( 8, 1:3 ) = [ 256 4.660000e-07 0.000000e+00];
data_ref( 9, 1:2 ) = [ 288 2.740000e-07 ];
data_Axpy( 9, 1:3 ) = [ 288 5.160000e-07 0.000000e+00];
data_ref( 10, 1:2 ) = [ 320 2.840000e-07 ];
data_Axpy( 10, 1:3 ) = [ 320 5.830000e-07 0.000000e+00];
data_ref( 11, 1:2 ) = [ 352 3.270000e-07 ];
data_Axpy( 11, 1:3 ) = [ 352 6.210000e-07 0.000000e+00];
data_ref( 12, 1:2 ) = [ 384 3.340000e-07 ];
data_Axpy( 12, 1:3 ) = [ 384 6.640000e-07 0.000000e+00];
data_ref( 13, 1:2 ) = [ 416 3.440000e-07 ];
data_Axpy( 13, 1:3 ) = [ 416 7.280000e-07 0.000000e+00];
data_ref( 14, 1:2 ) = [ 448 3.440000e-07 ];
data_Axpy( 14, 1:3 ) = [ 448 7.640000e-07 0.000000e+00];
data_ref( 15, 1:2 ) = [ 480 3.570000e-07 ];
data_Axpy( 15, 1:3 ) = [ 480 8.080000e-07 0.000000e+00];
