% number of repeats:% 3
% enter first, last, inc:% 32 500 32 
data_ref( 1, 1:2 ) = [ 32 6.819000e-06 ];
data_GemmJPI_Gemv( 1, 1:3 ) = [ 32 2.126500e-05 5.329071e-15];
data_ref( 2, 1:2 ) = [ 64 2.217500e-05 ];
data_GemmJPI_Gemv( 2, 1:3 ) = [ 64 1.809540e-04 1.065814e-14];
data_ref( 3, 1:2 ) = [ 96 8.144600e-05 ];
data_GemmJPI_Gemv( 3, 1:3 ) = [ 96 5.847650e-04 1.776357e-14];
data_ref( 4, 1:2 ) = [ 128 1.191500e-04 ];
data_GemmJPI_Gemv( 4, 1:3 ) = [ 128 1.327247e-03 2.842171e-14];
data_ref( 5, 1:2 ) = [ 160 2.075600e-04 ];
data_GemmJPI_Gemv( 5, 1:3 ) = [ 160 2.464777e-03 3.552714e-14];
data_ref( 6, 1:2 ) = [ 192 3.507080e-04 ];
data_GemmJPI_Gemv( 6, 1:3 ) = [ 192 4.280444e-03 3.552714e-14];
data_ref( 7, 1:2 ) = [ 224 6.237720e-04 ];
data_GemmJPI_Gemv( 7, 1:3 ) = [ 224 6.560309e-03 3.552714e-14];
data_ref( 8, 1:2 ) = [ 256 7.985530e-04 ];
data_GemmJPI_Gemv( 8, 1:3 ) = [ 256 1.011230e-02 5.684342e-14];
data_ref( 9, 1:2 ) = [ 288 1.278051e-03 ];
data_GemmJPI_Gemv( 9, 1:3 ) = [ 288 1.473040e-02 1.136868e-13];
data_ref( 10, 1:2 ) = [ 320 1.770439e-03 ];
data_GemmJPI_Gemv( 10, 1:3 ) = [ 320 1.926827e-02 1.421085e-13];
data_ref( 11, 1:2 ) = [ 352 2.101150e-03 ];
data_GemmJPI_Gemv( 11, 1:3 ) = [ 352 2.607309e-02 1.847411e-13];
data_ref( 12, 1:2 ) = [ 384 2.693425e-03 ];
data_GemmJPI_Gemv( 12, 1:3 ) = [ 384 3.359978e-02 2.273737e-13];
data_ref( 13, 1:2 ) = [ 416 3.411401e-03 ];
data_GemmJPI_Gemv( 13, 1:3 ) = [ 416 4.248650e-02 2.415845e-13];
data_ref( 14, 1:2 ) = [ 448 4.161335e-03 ];
data_GemmJPI_Gemv( 14, 1:3 ) = [ 448 5.238036e-02 2.984279e-13];
data_ref( 15, 1:2 ) = [ 480 5.062959e-03 ];
data_GemmJPI_Gemv( 15, 1:3 ) = [ 480 6.391269e-02 3.410605e-13];
