% number of repeats:% 3
% enter first, last, inc:% 32 500 32 
data_ref( 1, 1:2 ) = [ 32 6.870000e-07 ];
data_GerJI_Axpy( 1, 1:3 ) = [ 32 7.490000e-07 0.000000e+00];
data_ref( 2, 1:2 ) = [ 64 1.534000e-06 ];
data_GerJI_Axpy( 2, 1:3 ) = [ 64 2.858000e-06 0.000000e+00];
data_ref( 3, 1:2 ) = [ 96 2.814000e-06 ];
data_GerJI_Axpy( 3, 1:3 ) = [ 96 6.075000e-06 0.000000e+00];
data_ref( 4, 1:2 ) = [ 128 4.538000e-06 ];
data_GerJI_Axpy( 4, 1:3 ) = [ 128 1.043700e-05 0.000000e+00];
data_ref( 5, 1:2 ) = [ 160 7.285000e-06 ];
data_GerJI_Axpy( 5, 1:3 ) = [ 160 1.604100e-05 0.000000e+00];
data_ref( 6, 1:2 ) = [ 192 1.090400e-05 ];
data_GerJI_Axpy( 6, 1:3 ) = [ 192 2.283800e-05 0.000000e+00];
data_ref( 7, 1:2 ) = [ 224 1.494400e-05 ];
data_GerJI_Axpy( 7, 1:3 ) = [ 224 3.084500e-05 0.000000e+00];
data_ref( 8, 1:2 ) = [ 256 3.321300e-05 ];
data_GerJI_Axpy( 8, 1:3 ) = [ 256 6.701300e-05 0.000000e+00];
data_ref( 9, 1:2 ) = [ 288 2.552400e-05 ];
data_GerJI_Axpy( 9, 1:3 ) = [ 288 5.041300e-05 0.000000e+00];
data_ref( 10, 1:2 ) = [ 320 3.190600e-05 ];
data_GerJI_Axpy( 10, 1:3 ) = [ 320 6.184500e-05 0.000000e+00];
data_ref( 11, 1:2 ) = [ 352 3.851000e-05 ];
data_GerJI_Axpy( 11, 1:3 ) = [ 352 7.479700e-05 0.000000e+00];
data_ref( 12, 1:2 ) = [ 384 4.622000e-05 ];
data_GerJI_Axpy( 12, 1:3 ) = [ 384 8.895000e-05 0.000000e+00];
data_ref( 13, 1:2 ) = [ 416 5.440100e-05 ];
data_GerJI_Axpy( 13, 1:3 ) = [ 416 1.038710e-04 0.000000e+00];
data_ref( 14, 1:2 ) = [ 448 6.369200e-05 ];
data_GerJI_Axpy( 14, 1:3 ) = [ 448 1.204120e-04 0.000000e+00];
data_ref( 15, 1:2 ) = [ 480 7.322000e-05 ];
data_GerJI_Axpy( 15, 1:3 ) = [ 480 1.324120e-04 0.000000e+00];
