% number of repeats:% 3
% enter first, last, inc:% 32 500 32 
data_ref( 1, 1:2 ) = [ 32 8.316000e-06 ];
data_GemmIJP( 1, 1:3 ) = [ 32 3.616100e-05 5.329071e-15];
data_GemmJIP( 1, 1:3 ) = [ 32 3.484500e-05 5.329071e-15];
data_GemmIPJ( 1, 1:3 ) = [ 32 2.869300e-05 5.329071e-15];
data_GemmPIJ( 1, 1:3 ) = [ 32 2.687800e-05 5.329071e-15];
data_GemmJPI( 1, 1:3 ) = [ 32 3.484800e-05 5.329071e-15];
data_GemmPJI( 1, 1:3 ) = [ 32 2.883800e-05 5.329071e-15];
data_ref( 2, 1:2 ) = [ 64 2.703600e-05 ];
data_GemmIJP( 2, 1:3 ) = [ 64 3.096550e-04 1.065814e-14];
data_GemmJIP( 2, 1:3 ) = [ 64 2.635850e-04 1.065814e-14];
data_GemmIPJ( 2, 1:3 ) = [ 64 3.010190e-04 1.065814e-14];
data_GemmPIJ( 2, 1:3 ) = [ 64 2.945970e-04 1.065814e-14];
data_GemmJPI( 2, 1:3 ) = [ 64 2.274120e-04 1.065814e-14];
data_GemmPJI( 2, 1:3 ) = [ 64 2.216960e-04 1.065814e-14];
data_ref( 3, 1:2 ) = [ 96 6.784300e-05 ];
data_GemmIJP( 3, 1:3 ) = [ 96 9.544310e-04 1.776357e-14];
data_GemmJIP( 3, 1:3 ) = [ 96 8.874000e-04 1.776357e-14];
data_GemmIPJ( 3, 1:3 ) = [ 96 1.117264e-03 1.776357e-14];
data_GemmPIJ( 3, 1:3 ) = [ 96 1.289726e-03 1.776357e-14];
data_GemmJPI( 3, 1:3 ) = [ 96 8.066590e-04 1.776357e-14];
data_GemmPJI( 3, 1:3 ) = [ 96 6.987130e-04 1.776357e-14];
data_ref( 4, 1:2 ) = [ 128 1.467620e-04 ];
data_GemmIJP( 4, 1:3 ) = [ 128 2.356166e-03 2.842171e-14];
data_GemmJIP( 4, 1:3 ) = [ 128 2.163503e-03 2.842171e-14];
data_GemmIPJ( 4, 1:3 ) = [ 128 8.567703e-03 2.842171e-14];
data_GemmPIJ( 4, 1:3 ) = [ 128 8.541535e-03 2.842171e-14];
data_GemmJPI( 4, 1:3 ) = [ 128 1.604592e-03 2.842171e-14];
data_GemmPJI( 4, 1:3 ) = [ 128 1.668000e-03 2.842171e-14];
data_ref( 5, 1:2 ) = [ 160 2.672260e-04 ];
data_GemmIJP( 5, 1:3 ) = [ 160 5.421324e-03 3.552714e-14];
data_GemmJIP( 5, 1:3 ) = [ 160 4.949158e-03 3.552714e-14];
data_GemmIPJ( 5, 1:3 ) = [ 160 1.111624e-02 3.552714e-14];
data_GemmPIJ( 5, 1:3 ) = [ 160 1.147984e-02 3.552714e-14];
data_GemmJPI( 5, 1:3 ) = [ 160 3.109443e-03 3.552714e-14];
data_GemmPJI( 5, 1:3 ) = [ 160 3.206702e-03 3.552714e-14];
data_ref( 6, 1:2 ) = [ 192 4.547340e-04 ];
data_GemmIJP( 6, 1:3 ) = [ 192 1.086362e-02 3.552714e-14];
data_GemmJIP( 6, 1:3 ) = [ 192 9.889488e-03 3.552714e-14];
data_GemmIPJ( 6, 1:3 ) = [ 192 1.956704e-02 3.552714e-14];
data_GemmPIJ( 6, 1:3 ) = [ 192 1.985317e-02 3.552714e-14];
data_GemmJPI( 6, 1:3 ) = [ 192 5.257643e-03 3.552714e-14];
data_GemmPJI( 6, 1:3 ) = [ 192 5.679399e-03 3.552714e-14];
data_ref( 7, 1:2 ) = [ 224 6.834140e-04 ];
data_GemmIJP( 7, 1:3 ) = [ 224 1.597276e-02 3.552714e-14];
data_GemmJIP( 7, 1:3 ) = [ 224 1.496363e-02 3.552714e-14];
data_GemmIPJ( 7, 1:3 ) = [ 224 3.111757e-02 3.552714e-14];
data_GemmPIJ( 7, 1:3 ) = [ 224 3.204760e-02 3.552714e-14];
data_GemmJPI( 7, 1:3 ) = [ 224 8.389692e-03 3.552714e-14];
data_GemmPJI( 7, 1:3 ) = [ 224 8.937325e-03 3.552714e-14];
data_ref( 8, 1:2 ) = [ 256 1.001756e-03 ];
data_GemmIJP( 8, 1:3 ) = [ 256 4.232829e-02 5.684342e-14];
data_GemmJIP( 8, 1:3 ) = [ 256 3.853370e-02 5.684342e-14];
data_GemmIPJ( 8, 1:3 ) = [ 256 1.181003e-01 5.684342e-14];
data_GemmPIJ( 8, 1:3 ) = [ 256 1.171201e-01 5.684342e-14];
data_GemmJPI( 8, 1:3 ) = [ 256 1.241194e-02 5.684342e-14];
data_GemmPJI( 8, 1:3 ) = [ 256 1.323300e-02 5.684342e-14];
data_ref( 9, 1:2 ) = [ 288 1.421007e-03 ];
data_GemmIJP( 9, 1:3 ) = [ 288 3.444133e-02 1.136868e-13];
data_GemmJIP( 9, 1:3 ) = [ 288 3.418261e-02 1.136868e-13];
data_GemmIPJ( 9, 1:3 ) = [ 288 6.909115e-02 1.136868e-13];
data_GemmPIJ( 9, 1:3 ) = [ 288 7.059538e-02 1.136868e-13];
data_GemmJPI( 9, 1:3 ) = [ 288 1.841058e-02 1.136868e-13];
data_GemmPJI( 9, 1:3 ) = [ 288 1.939751e-02 1.136868e-13];
data_ref( 10, 1:2 ) = [ 320 1.945483e-03 ];
data_GemmIJP( 10, 1:3 ) = [ 320 5.657317e-02 1.421085e-13];
data_GemmJIP( 10, 1:3 ) = [ 320 5.242191e-02 1.421085e-13];
data_GemmIPJ( 10, 1:3 ) = [ 320 9.948956e-02 1.421085e-13];
data_GemmPIJ( 10, 1:3 ) = [ 320 1.008824e-01 1.421085e-13];
data_GemmJPI( 10, 1:3 ) = [ 320 2.494439e-02 1.421085e-13];
data_GemmPJI( 10, 1:3 ) = [ 320 2.611385e-02 1.421085e-13];
data_ref( 11, 1:2 ) = [ 352 2.560565e-03 ];
data_GemmIJP( 11, 1:3 ) = [ 352 6.345520e-02 1.847411e-13];
data_GemmJIP( 11, 1:3 ) = [ 352 6.221056e-02 1.847411e-13];
data_GemmIPJ( 11, 1:3 ) = [ 352 1.274807e-01 1.847411e-13];
data_GemmPIJ( 11, 1:3 ) = [ 352 1.290032e-01 1.847411e-13];
data_GemmJPI( 11, 1:3 ) = [ 352 3.337414e-02 1.847411e-13];
data_GemmPJI( 11, 1:3 ) = [ 352 3.553904e-02 1.847411e-13];
data_ref( 12, 1:2 ) = [ 384 3.300105e-03 ];
data_GemmIJP( 12, 1:3 ) = [ 384 1.390561e-01 2.273737e-13];
data_GemmJIP( 12, 1:3 ) = [ 384 1.234281e-01 2.273737e-13];
data_GemmIPJ( 12, 1:3 ) = [ 384 2.781825e-01 2.273737e-13];
data_GemmPIJ( 12, 1:3 ) = [ 384 2.748379e-01 2.273737e-13];
data_GemmJPI( 12, 1:3 ) = [ 384 4.364094e-02 2.273737e-13];
data_GemmPJI( 12, 1:3 ) = [ 384 5.341362e-02 2.273737e-13];
data_ref( 13, 1:2 ) = [ 416 4.337129e-03 ];
data_GemmIJP( 13, 1:3 ) = [ 416 1.065922e-01 2.415845e-13];
data_GemmJIP( 13, 1:3 ) = [ 416 1.046098e-01 2.415845e-13];
data_GemmIPJ( 13, 1:3 ) = [ 416 2.122647e-01 2.415845e-13];
data_GemmPIJ( 13, 1:3 ) = [ 416 2.197757e-01 2.415845e-13];
data_GemmJPI( 13, 1:3 ) = [ 416 5.595759e-02 2.415845e-13];
data_GemmPJI( 13, 1:3 ) = [ 416 5.846071e-02 2.415845e-13];
data_ref( 14, 1:2 ) = [ 448 5.046646e-03 ];
data_GemmIJP( 14, 1:3 ) = [ 448 1.735974e-01 2.984279e-13];
data_GemmJIP( 14, 1:3 ) = [ 448 1.553477e-01 2.984279e-13];
data_GemmIPJ( 14, 1:3 ) = [ 448 2.880589e-01 2.984279e-13];
data_GemmPIJ( 14, 1:3 ) = [ 448 2.961744e-01 2.984279e-13];
data_GemmJPI( 14, 1:3 ) = [ 448 6.843614e-02 2.984279e-13];
data_GemmPJI( 14, 1:3 ) = [ 448 7.268098e-02 2.984279e-13];
data_ref( 15, 1:2 ) = [ 480 6.297256e-03 ];
data_GemmIJP( 15, 1:3 ) = [ 480 1.637176e-01 3.410605e-13];
data_GemmJIP( 15, 1:3 ) = [ 480 1.608194e-01 3.410605e-13];
data_GemmIPJ( 15, 1:3 ) = [ 480 3.327187e-01 3.410605e-13];
data_GemmPIJ( 15, 1:3 ) = [ 480 3.348107e-01 3.410605e-13];
data_GemmJPI( 15, 1:3 ) = [ 480 8.490965e-02 3.410605e-13];
data_GemmPJI( 15, 1:3 ) = [ 480 8.987243e-02 3.410605e-13];
