% number of repeats:% 3
% enter first, last, inc:% 32 500 32 
data_ref( 1, 1:2 ) = [ 32 1.467300e-05 ];
data_GemmIPJ_Axpy( 1, 1:3 ) = [ 32 4.561300e-05 5.329071e-15];
data_ref( 2, 1:2 ) = [ 64 4.633300e-05 ];
data_GemmIPJ_Axpy( 2, 1:3 ) = [ 64 5.784010e-04 1.065814e-14];
data_ref( 3, 1:2 ) = [ 96 1.594620e-04 ];
data_GemmIPJ_Axpy( 3, 1:3 ) = [ 96 1.697603e-03 1.776357e-14];
data_ref( 4, 1:2 ) = [ 128 2.170650e-04 ];
data_GemmIPJ_Axpy( 4, 1:3 ) = [ 128 1.225246e-02 2.842171e-14];
data_ref( 5, 1:2 ) = [ 160 3.470290e-04 ];
data_GemmIPJ_Axpy( 5, 1:3 ) = [ 160 1.252880e-02 3.552714e-14];
data_ref( 6, 1:2 ) = [ 192 4.583790e-04 ];
data_GemmIPJ_Axpy( 6, 1:3 ) = [ 192 2.189355e-02 3.552714e-14];
data_ref( 7, 1:2 ) = [ 224 6.693880e-04 ];
data_GemmIPJ_Axpy( 7, 1:3 ) = [ 224 3.089550e-02 3.552714e-14];
data_ref( 8, 1:2 ) = [ 256 1.048076e-03 ];
data_GemmIPJ_Axpy( 8, 1:3 ) = [ 256 1.140409e-01 5.684342e-14];
data_ref( 9, 1:2 ) = [ 288 1.445129e-03 ];
data_GemmIPJ_Axpy( 9, 1:3 ) = [ 288 6.948240e-02 1.136868e-13];
data_ref( 10, 1:2 ) = [ 320 1.946345e-03 ];
data_GemmIPJ_Axpy( 10, 1:3 ) = [ 320 1.010338e-01 1.421085e-13];
data_ref( 11, 1:2 ) = [ 352 2.505221e-03 ];
data_GemmIPJ_Axpy( 11, 1:3 ) = [ 352 1.271035e-01 1.847411e-13];
data_ref( 12, 1:2 ) = [ 384 3.332035e-03 ];
data_GemmIPJ_Axpy( 12, 1:3 ) = [ 384 3.249277e-01 2.273737e-13];
data_ref( 13, 1:2 ) = [ 416 4.136518e-03 ];
data_GemmIPJ_Axpy( 13, 1:3 ) = [ 416 2.130742e-01 2.415845e-13];
data_ref( 14, 1:2 ) = [ 448 5.157540e-03 ];
data_GemmIPJ_Axpy( 14, 1:3 ) = [ 448 2.870365e-01 2.984279e-13];
data_ref( 15, 1:2 ) = [ 480 6.483501e-03 ];
data_GemmIPJ_Axpy( 15, 1:3 ) = [ 480 3.242677e-01 3.410605e-13];
